Index
3563
4296
6095
2413
12242
2343
7865
886
2806
11247
7279
6228
7309
12149
6840
9690
1472
4130
9120
8822
4230
6038
10650
1391
2250
7273
7106
8103
1763
7070
697
1045
4410
6771
788
12985
2846
10543
10090
6069
8817
7504
12236
7641
11744
12206
7992
11350
2815
1125
11214
3223
1314
298
2129
6036
12831
6833
6238
6511
3764
6585
1948
9750
7102
10228
736
766
10305
2230
11513
6543
9917
6703
6231
1213
302
2083
8928
10504
839
8934
12188
12998
1822
12585
8065
4426
10387
7311
9620
8367
11527
9525
8892
1342
12858
4833
3509
10243
2983
3921
9283
825
11444
12815
10245
9642
5395
3114
327
6361
7820
2187
5257
10227
12867
3729
259
7080
4387
11945
6918
9390
1217
8852
10470
3319
606
6335
1034
9648
6816
11457
3916
11486
10249
5711
11873
110
9500
1409
3247
4652
2591
10180
3037
8610
37
10514
1280
7219
4999
280
12586
6173
3209
320
9303
8971
10297
9291
12208
2801
5386
4945
6086
2781
5511
8298
11977
3018
5874
152
7122
10162
6638
10498
6531
5509
9106
8219
2430
8585
8951
11052
8503
4525
1432
10854
12483
10255
6245
2626
6346
587
8790
794
4201
12885
8190
1016
1170
5886
11103
12775
894
10483
3624
11312
10126
10342
6608
1650
7884
2147
9961
3512
11510
12311
8830
3952
9560
4162
7847
1642
11276
8926
91
3120
1043
3301
3440
12122
6637
2189
7438
7557
3956
12287
7154
1071
1666
12672
7310
11040
7686
2254
515
4068
6492
3554
9806
7085
2883
3955
8666
10317
7714
11248
335
7990
769
12230
7947
3945
4984
42
4383
979
10251
10557
8355
1628
12282
3179
7350
2331
10218
2288
10971
6167
853
1014
11147
10443
3778
4055
9675
4638
3412
1176
8815
305
8242
4080
3213
1428
6359
1930
10347
5358
10006
9071
11720
9467
2213
11438
12682
7205
1713
5762
7136
4228
7893
7755
1834
4777
3777
4835
8622
9965
3448
542
2037
2739
4512
3722
1363
3146
11633
10001
11488
12933
10055
868
8152
10417
4914
5716
1117
9728
7355
5491
1104
5328
11287
7468
646
10290
2512
1106
12870
9902
3619
11971
10175
12731
12286
2693
12833
1267
8402
12185
10993
5406
4880
4287
12643
885
2937
2960
6207
2078
493
11378
6298
8390
9638
9339
8120
12288
2765
4457
4371
6493
5526
6575
2386
10411
2126
5246
12928
2932
6748
6151
8681
5228
7589
1705
7344
11890
7959
1393
4449
2894
11585
5757
5497
10637
6
11020
6728
12401
1132
7885
9459
9426
8742
12974
8343
11537
3658
10568
5464
12134
6758
6647
4318
11065
7746
4781
8415
4263
12136
7023
2940
7139
4079
7906
7280
3508
9381
4790
10560
12906
6412
9348
4242
5136
10942
1129
11825
9127
7745
3932
12239
819
9045
2207
7313
3517
12986
1389
3084
1514
5236
3053
3741
12556
5490
8853
1136
66
3706
9056
8760
12594
12050
1006
6619
2021
3253
5548
7241
12388
9159
10848
2142
6986
11034
1902
12366
358
8176
6303
7810
6838
12395
6334
